<?xml version="1.0"?>
<opencv_storage>
<calibration_time>"Sun Dec 27 14:46:33 2020"</calibration_time>
<nr_of_frames>25</nr_of_frames>
<image_width>640</image_width>
<image_height>480</image_height>
<board_width>9</board_width>
<board_height>6</board_height>
<square_size>50.</square_size>
<fix_aspect_ratio>1.</fix_aspect_ratio>
<!-- flags: +fix_aspectRatio +fix_principal_point +zero_tangent_dist +fix_k4 +fix_k5 -->
<flags>6158</flags>
<fisheye_model>0</fisheye_model>
<camera_matrix type_id="opencv-matrix">
  <rows>3</rows>
  <cols>3</cols>
  <dt>d</dt>
  <data>
    3.5420628111476071e+02 0. 3.1950000000000000e+02 0.
    3.5420628111476071e+02 2.3950000000000000e+02 0. 0. 1.</data></camera_matrix>
<distortion_coefficients type_id="opencv-matrix">
  <rows>5</rows>
  <cols>1</cols>
  <dt>d</dt>
  <data>
    2.6446707404247163e-02 -4.7404172328076855e-01 0. 0.
    5.2178022329946383e-01</data></distortion_coefficients>
<avg_reprojection_error>1.7755907916055742e+00</avg_reprojection_error>
<per_view_reprojection_errors type_id="opencv-matrix">
  <rows>25</rows>
  <cols>1</cols>
  <dt>f</dt>
  <data>
    1.71210393e-01 2.82411367e-01 2.67383873e-01 2.80149788e-01
    2.77118325e-01 2.86323726e-01 2.68146813e-01 1.96665570e-01
    7.94499934e-01 2.40908489e-01 2.20362991e-01 1.99804962e-01
    2.14089245e-01 2.58722395e-01 4.12880123e-01 1.20839119e+00
    7.98310161e-01 3.66279769e+00 2.83892608e+00 1.64207542e+00
    2.79282808e+00 3.26700068e+00 3.26951885e+00 3.29798293e+00
    3.30447221e+00</data></per_view_reprojection_errors>
<!-- a set of 6-tuples (rotation vector + translation vector) for each view -->
<extrinsic_parameters type_id="opencv-matrix">
  <rows>25</rows>
  <cols>6</cols>
  <dt>d</dt>
  <data>
    -1.4731599566590753e-01 3.4923997867641166e-01
    3.0492381365531092e+00 1.4936496139311598e+02 2.8444818461086112e+02
    9.5266189086156271e+02 3.2165461333291051e-01
    -6.9317221382488392e-01 -3.0440058446254312e+00
    1.2706639722288354e+02 2.3762661060781443e+02 9.7134216399796355e+02
    -3.9048155137925977e-01 6.5959899677085920e-01
    3.0313610589585767e+00 1.0128159242252792e+02 2.4339966941936112e+02
    9.8282237238149071e+02 -4.0534939977587703e-01
    6.4281140630640365e-01 3.0367031992638700e+00 9.6230363250485283e+01
    2.4444522288315417e+02 9.8310320799402530e+02
    -3.9480486369536189e-01 6.2736578945496280e-01
    3.0374516998879124e+00 1.0066785096024107e+02 2.4577681638460470e+02
    9.8187450835756567e+02 -3.9387026235349487e-01
    6.2428594348200650e-01 3.0424555182782260e+00 1.0234869716420627e+02
    2.4767841913363242e+02 9.8209726813122109e+02
    -3.5869917541108637e-01 6.0254929502432997e-01
    3.0512567568212270e+00 1.0560594568232540e+02 2.4801337288896548e+02
    9.7860154505662751e+02 -1.3847540743595640e-01
    4.6609949912022558e-01 3.0609477337780433e+00 1.2561127188780031e+02
    2.4189476738403405e+02 9.4388695724473337e+02 1.0350638224076965e-01
    -1.8661799532883792e-02 -3.0822235505591924e+00
    9.9397378959307247e+01 2.4550103777959430e+02 9.7681902102034360e+02
    -2.2079109406059011e-01 7.0583740296526454e-01
    3.0188507283413473e+00 1.0928731984403218e+02 2.0576892728693397e+02
    9.6824779146932326e+02 -4.9204444133900252e-02
    5.9590837962092946e-01 3.0759865274773612e+00 1.2158714760003457e+02
    2.0057782884161824e+02 9.5389166319291803e+02 6.7309094925427027e-02
    5.9797762786623443e-01 3.0587453323710290e+00 1.2959698761409788e+02
    1.8730892569935179e+02 9.3275737533120946e+02
    -2.5879423096500287e-01 2.5203897399543623e-01
    3.0732348060468730e+00 9.9700196446410715e+01 1.7997594706793956e+02
    9.9699412894111993e+02 -7.4073440466503743e-02
    -1.4823393136802132e-01 -3.0903196776009416e+00
    8.5908679523349434e+01 1.8678835100882554e+02 9.5583237356373468e+02
    9.0860241154641516e-02 -2.8474922111789702e-01
    -3.0222021559105947e+00 6.1929148789317900e+01
    1.9359204371349517e+02 9.9098198100596335e+02
    -6.8396421024441090e-01 9.5523151002854534e-01
    2.6123004545153021e+00 1.8705271273298663e+01 1.5782470562664068e+02
    9.5072544926684964e+02 -2.6124417575575098e-01
    -1.2008457758557760e+00 -2.8484305716345495e+00
    1.3151785625794355e+02 1.7086757716329677e+02 7.3523221809891993e+02
    -2.9800355786267746e-01 -1.3928926916703757e+00
    -2.7117694277345525e+00 9.7382579013448648e+01
    1.6715794479793669e+02 7.3086366758604822e+02
    -2.9086582993575022e-01 -1.3241966265049241e+00
    -2.7561241265266228e+00 9.5605517082587340e+01
    1.6998640667659390e+02 7.4433346584779872e+02
    -2.5165393478046816e-01 -1.1999262164444313e+00
    -2.8751319380669615e+00 1.0154083634904732e+02
    1.5112313592187064e+02 7.7561510607941273e+02
    -2.9191642193102862e-01 -1.2644532594722286e+00
    -2.8511716504034976e+00 9.7736424523278643e+01
    1.3744713967361869e+02 7.6650483473741849e+02
    -2.8347600924102090e-01 -1.2744663213122469e+00
    -2.8524614060159657e+00 9.7590448898129296e+01
    1.3376855594866137e+02 7.6992791735479977e+02
    -2.8277904250757957e-01 -1.2806500949799662e+00
    -2.8485909273040568e+00 9.7854233859620962e+01
    1.3436249366153621e+02 7.6985391262606595e+02
    -2.9153023569742770e-01 -1.2900960098852656e+00
    -2.8406709543079058e+00 9.4839168084046136e+01
    1.3432661334901991e+02 7.6713803281280696e+02
    -2.9393298008778840e-01 -1.2835673477657124e+00
    -2.8255705485561866e+00 8.9674043671709995e+01
    1.4036038816487229e+02 7.6505255944317628e+02</data></extrinsic_parameters>
